% Engineer: Amey Kulkarni
% Module Name:  data_out
% Project Name: Fast Fourier Transform (16-point)

out(1) = 2047 + i*0;
out(2) = 2047 + i*0;
out(3) = 2047 + i*0;
out(4) = 2047 + i*0;
out(5) = 2047 + i*0;
out(6) = 2047 + i*0;
out(7) = 2047 + i*0;
out(8) = 2047 + i*0;
out(9) = 2047 + i*0;
out(10) = 2047 + i*0;
out(11) = 2047 + i*0;
out(12) = 2047 + i*0;
out(13) = 2047 + i*0;
out(14) = 2047 + i*0;
out(15) = 2047 + i*0;
out(16) = 2047 + i*0;
